#!/usr/bin/env python

from pathlib import Path

books = {
    "Gen": [31,25,24,26,32,22,24,22,29,32,32,20,18,24,21,16,27,33,38,18,34,24,20,67,34,35,46,22,35,43,55,32,20,31,29,43,36,30,23,23,57,38,34,34,28,34,31,22,33,26],
    "Exod": [22,25,22,31,23,30,25,32,35,29,10,51,22,31,27,36,16,27,25,26,36,31,33,18,40,37,21,43,46,38,18,35,23,35,35,38,29,31,43,38],
    "Lev": [17,16,17,35,19,30,38,36,24,20,47,8,59,57,33,34,16,30,37,27,24,33,44,23,55,46,34],
    "Num": [54,34,51,49,31,27,89,26,23,36,35,16,33,45,41,50,13,32,22,29,35,41,30,25,18,65,23,31,40,16,54,42,56,29,34,13],
    "Deut": [46,37,29,49,33,25,26,20,29,22,32,32,18,29,23,22,20,22,21,20,23,30,25,22,19,19,26,68,29,20,30,52,29,12],
    "Josh": [18,24,17,24,15,27,26,35,27,43,23,24,33,15,63,10,18,28,51,9,45,34,16,33],
    "Judg": [36,23,31,24,31,40,25,35,57,18,40,15,25,20,20,31,13,31,30,48,25],
    "1Sam": [28,36,21,22,12,21,17,22,27,27,15,25,23,52,35,23,58,30,24,42,15,23,29,22,44,25,12,25,11,31,13],
    "2Sam": [27,32,39,12,25,23,29,18,13,19,27,31,39,33,37,23,29,33,43,26,22,51,39,25],
    "1Kgs": [53,46,28,34,18,38,51,66,28,29,43,33,34,31,34,34,24,46,21,43,29,53],
    "2Kgs": [18,25,27,44,27,33,20,29,37,36,21,21,25,29,38,20,41,37,37,21,26,20,37,20,30],
}

lines = []
for book, counts in books.items():
    for chapter, last_verse in enumerate(counts, start=1):
        lines.append(f"https://tanach.us/Server.xml?{book}{chapter}:1-{chapter}:{last_verse}")

out = Path("/mnt/data/primary_history_tanach_urls.txt")
out.write_text("\n".join(lines) + "\n", encoding="utf-8")

print(f"Wrote {len(lines)} URLs to {out}")
print(lines[0])
print(lines[1])
print(lines[-1])

